# Tiempo [ms] Vprimario [V] Vsecundario [V]
0.000000 -0.920000 0.186
0.002004 -0.883126 0.210
0.004008 -0.892244 0.204
0.006012 -0.897355 0.212
0.008016 -0.772505 0.180
0.010020 -0.791603 0.184
0.012024 -0.797495 0.192
0.014028 -0.647495 0.188
0.016032 -0.686152 0.212
0.018036 -0.607315 0.200
0.020040 -0.629158 0.196
0.022044 -0.587074 0.180
0.024048 -0.467134 0.210
0.026052 -0.512485 0.190
0.028056 -0.443267 0.200
0.030060 -0.430701 0.214
0.032064 -0.351543 0.198
0.034068 -0.328196 0.206
0.036072 -0.253487 0.204
0.038076 -0.248016 0.216
0.040080 -0.184509 0.204
0.042084 -0.142485 0.206
0.044088 -0.114689 0.182
0.046092 -0.075812 0.206
0.048096 -0.034649 0.214
0.050100 0.001904 0.192
0.052104 0.042505 0.202
0.054108 0.076413 0.186
0.056112 0.113687 0.202
0.058116 0.160701 0.192
0.060120 0.190261 0.188
0.062124 0.252184 0.206
0.064128 0.291042 0.184
0.066132 0.316192 0.180
0.068136 0.333707 0.188
0.070140 0.394749 0.202
0.072144 0.411884 0.182
0.074148 0.511944 0.208
0.076152 0.491663 0.214
0.078156 0.546232 0.216
0.080160 0.651463 0.196
0.082164 0.694749 0.210
0.084168 0.724369 0.186
0.086172 0.651102 0.206
0.088176 0.740621 0.208
0.090180 0.851824 0.202
0.092184 0.818377 0.204
0.094188 0.848417 0.196
0.096192 0.840701 0.198
0.098196 0.963928 0.204
0.100200 1.035832 -0.208
0.102204 0.860321 -0.182
0.104208 0.998257 -0.216
0.106212 0.875752 -0.186
0.108216 0.793888 -0.186
0.110220 0.723988 -0.202
0.112224 0.695070 -0.210
0.114228 0.758357 -0.192
0.116232 0.614569 -0.194
0.118236 0.647976 -0.188
0.120240 0.636854 -0.186
0.122244 0.510701 -0.202
0.124248 0.520180 -0.180
0.126253 0.470200 -0.182
0.128257 0.417475 -0.190
0.130261 0.390842 -0.200
0.132265 0.329880 -0.188
0.134269 0.317776 -0.206
0.136273 0.282786 -0.186
0.138277 0.250882 -0.186
0.140281 0.176894 -0.214
0.142285 0.146593 -0.188
0.144289 0.115371 -0.198
0.146293 0.067475 -0.192
0.148297 0.035772 -0.206
0.150301 -0.006313 -0.218
0.152305 -0.047475 -0.182
0.154309 -0.087896 -0.216
0.156313 -0.130040 -0.204
0.158317 -0.172986 -0.218
0.160321 -0.187836 -0.214
0.162325 -0.244028 -0.208
0.164329 -0.295170 -0.216
0.166333 -0.310321 -0.200
0.168337 -0.352064 -0.210
0.170341 -0.443427 -0.218
0.172345 -0.442425 -0.182
0.174349 -0.438277 -0.186
0.176353 -0.505972 -0.184
0.178357 -0.544449 -0.192
0.180361 -0.546493 -0.202
0.182365 -0.595511 -0.204
0.184369 -0.659880 -0.184
0.186373 -0.742004 -0.200
0.188377 -0.790561 -0.202
0.190381 -0.799539 -0.188
0.192385 -0.907034 -0.184
0.194389 -0.923287 -0.180
0.196393 -0.909299 -0.194
0.198397 -1.016333 -0.196
0.200401 -1.011824 0.188
0.202405 -0.999499 0.184
0.204409 -0.893587 0.202
0.206413 -0.810721 0.214
0.208417 -0.898196 0.218
0.210421 -0.815331 0.218
0.212425 -0.713928 0.214
0.214429 -0.661623 0.186
0.216433 -0.725050 0.180
0.218437 -0.568136 0.202
0.220441 -0.585271 0.198
0.222445 -0.534569 0.180
0.224449 -0.516132 0.184
0.226453 -0.423848 0.188
0.228457 -0.469639 0.186
0.230461 -0.363427 0.202
0.232465 -0.361222 0.204
0.234469 -0.295090 0.186
0.236473 -0.267836 0.214
0.238477 -0.235070 0.214
0.240481 -0.192285 0.210
0.242485 -0.159319 0.186
0.244489 -0.114629 0.188
0.246493 -0.070842 0.192
0.248497 -0.027355 0.190
0.250501 0.009820 0.206
0.252505 0.051102 0.204
0.254509 0.087475 0.206
0.256513 0.140681 0.210
0.258517 0.170341 0.194
0.260521 0.214629 0.180
0.262525 0.253006 0.206
0.264529 0.264429 0.196
0.266533 0.340581 0.208
0.268537 0.374449 0.196
0.270541 0.386172 0.186
0.272545 0.464429 0.214
0.274549 0.535170 0.194
0.276553 0.562926 0.216
0.278557 0.531162 0.188
0.280561 0.635671 0.206
0.282565 0.605711 0.196
0.284569 0.691383 0.212
0.286573 0.760721 0.194
0.288577 0.694389 0.196
0.290581 0.738577 0.194
0.292585 0.834669 0.206
0.294589 0.945291 0.212
0.296593 0.987776 0.214
0.298597 0.952505 0.212
0.300601 1.047255 -0.192
0.302605 0.891022 -0.196
0.304609 0.880581 -0.184
0.306613 0.824349 -0.202
0.308617 0.877315 -0.198
0.310621 0.732445 -0.200
0.312625 0.799820 -0.204
0.314629 0.771082 -0.188
0.316633 0.627295 -0.218
0.318637 0.639800 -0.180
0.320641 0.640020 -0.204
0.322645 0.530681 -0.212
0.324649 0.461383 -0.184
0.326653 0.504289 -0.210
0.328657 0.384168 -0.190
0.330661 0.363567 -0.218
0.332665 0.377896 -0.212
0.334669 0.334208 -0.208
0.336673 0.290521 -0.214
0.338677 0.217395 -0.212
0.340681 0.201283 -0.214
0.342685 0.152144 -0.216
0.344689 0.106212 -0.196
0.346693 0.060842 -0.218
0.348697 0.026834 -0.192
0.350701 -0.014729 -0.206
0.352705 -0.058437 -0.208
0.354709 -0.084770 -0.196
0.356713 -0.136954 -0.216
0.358717 -0.176092 -0.200
0.360721 -0.218717 -0.198
0.362725 -0.257054 -0.212
0.364729 -0.276914 -0.186
0.366733 -0.314589 -0.216
0.368737 -0.408477 -0.206
0.370741 -0.398236 -0.202
0.372745 -0.454910 -0.196
0.374749 -0.455391 -0.196
0.376754 -0.545772 -0.210
0.378758 -0.626914 -0.192
0.380762 -0.652144 -0.184
0.382766 -0.701182 -0.202
0.384770 -0.681483 -0.218
0.386774 -0.706052 -0.188
0.388778 -0.713507 -0.200
0.390782 -0.742224 -0.188
0.392786 -0.864269 -0.214
0.394790 -0.886834 -0.196
0.396794 -0.935872 -0.192
0.398798 -0.917395 -0.204
0.400802 -1.013487 0.218
0.402806 -0.991082 0.184
0.404810 -0.985150 0.200
0.406814 -0.889639 0.196
0.408818 -0.889539 0.202
0.410822 -0.822745 0.190
0.412826 -0.773226 0.216
0.414830 -0.633066 0.200
0.416834 -0.623527 0.180
0.418838 -0.635711 0.186
0.420842 -0.594830 0.196
0.422846 -0.537655 0.186
0.424850 -0.533186 0.182
0.426854 -0.421263 0.188
0.428858 -0.460902 0.184
0.430862 -0.355972 0.190
0.432866 -0.352966 0.218
0.434870 -0.299579 0.194
0.436874 -0.265150 0.194
0.438878 -0.220220 0.194
0.440882 -0.167776 0.194
0.442886 -0.138016 0.202
0.444890 -0.093006 0.188
0.446894 -0.057154 0.218
0.448898 -0.019840 0.218
0.450902 0.016413 0.186
0.452906 0.056373 0.204
0.454910 0.092305 0.182
0.456914 0.141042 0.204
0.458918 0.180140 0.212
0.460922 0.207515 0.190
0.462926 0.237836 0.192
0.464930 0.304569 0.188
0.466934 0.331904 0.210
0.468938 0.386333 0.182
0.470942 0.376954 0.214
0.472946 0.458918 0.204
0.474950 0.518958 0.192
0.476954 0.501343 0.192
0.478958 0.555992 0.214
0.480962 0.588277 0.212
0.482966 0.718657 0.216
0.484970 0.692405 0.192
0.486974 0.746874 0.182
0.488978 0.701603 0.186
0.490982 0.877014 0.196
0.492986 0.799539 0.212
0.494990 0.845812 0.186
0.496994 0.949279 0.184
0.498998 0.881964 0.192
0.501002 1.068156 -0.192
0.503006 0.911683 -0.210
0.505010 0.944790 -0.212
0.507014 0.876914 -0.210
0.509018 0.754068 -0.190
0.511022 0.732786 -0.200
0.513026 0.791242 -0.198
0.515030 0.727375 -0.218
0.517034 0.639539 -0.212
0.519038 0.644008 -0.216
0.521042 0.544409 -0.192
0.523046 0.506733 -0.198
0.525050 0.543908 -0.200
0.527054 0.445150 -0.180
0.529058 0.423026 -0.200
0.531062 0.371182 -0.180
0.533066 0.365772 -0.196
0.535070 0.307555 -0.180
0.537074 0.268858 -0.186
0.539078 0.198778 -0.208
0.541082 0.173006 -0.218
0.543086 0.128597 -0.194
0.545090 0.101142 -0.204
0.547094 0.052886 -0.204
0.549098 0.018577 -0.204
0.551102 -0.021162 -0.216
0.553106 -0.058397 -0.204
0.555110 -0.110381 -0.214
0.557114 -0.136593 -0.206
0.559118 -0.182365 -0.216
0.561122 -0.240240 -0.180
0.563126 -0.270401 -0.200
0.565130 -0.305631 -0.204
0.567134 -0.332405 -0.204
0.569138 -0.390421 -0.210
0.571142 -0.427074 -0.202
0.573146 -0.486072 -0.210
0.575150 -0.513066 -0.188
0.577154 -0.591964 -0.188
0.579158 -0.623988 -0.180
0.581162 -0.585852 -0.218
0.583166 -0.643427 -0.190
0.585170 -0.668236 -0.184
0.587174 -0.788096 -0.194
0.589178 -0.744389 -0.204
0.591182 -0.856593 -0.212
0.593186 -0.794629 -0.188
0.595190 -0.894770 -0.180
0.597194 -0.887255 -0.214
0.599198 -1.023327 -0.216
0.601202 -0.985711 0.206
0.603206 -0.963948 0.208
0.605210 -0.833086 0.216
0.607214 -0.898497 0.210
0.609218 -0.766693 0.196
0.611222 -0.783307 0.214
0.613226 -0.750180 0.204
0.615230 -0.757976 0.190
0.617234 -0.596333 0.202
0.619238 -0.627535 0.206
0.621242 -0.586653 0.218
0.623246 -0.519018 0.218
0.625251 -0.514790 0.190
0.627255 -0.432164 0.204
0.629259 -0.439719 0.212
0.631263 -0.352265 0.198
0.633267 -0.321283 0.210
0.635271 -0.273968 0.186
0.637275 -0.274870 0.184
0.639279 -0.192986 0.198
0.641283 -0.160401 0.192
0.643287 -0.136954 0.198
0.645291 -0.097014 0.196
0.647295 -0.054108 0.202
0.649299 -0.015010 0.214
0.651303 0.023447 0.184
0.653307 0.064148 0.202
0.655311 0.115772 0.212
0.657315 0.140441 0.186
0.659319 0.171463 0.182
0.661323 0.210601 0.190
0.663327 0.247876 0.198
0.665331 0.325010 0.182
0.667335 0.325892 0.202
0.669339 0.406112 0.196
0.671343 0.388437 0.200
0.673347 0.490281 0.188
0.675351 0.461383 0.196
0.677355 0.497856 0.212
0.679359 0.587174 0.194
0.681363 0.595892 0.200
0.683367 0.700701 0.204
0.685371 0.771082 0.186
0.687375 0.672745 0.208
0.689379 0.850581 0.182
0.691383 0.860762 0.186
0.693387 0.815671 0.196
0.695391 0.916894 0.214
0.697395 1.014248 0.184
0.699399 1.067014 0.216
0.701403 0.942786 -0.200
0.703407 0.978457 -0.188
0.705411 0.954208 -0.218
0.707415 0.902806 -0.182
0.709419 0.730461 -0.216
0.711423 0.771543 -0.218
0.713427 0.680261 -0.202
0.715431 0.670641 -0.202
0.717435 0.703407 -0.202
0.719439 0.574549 -0.190
0.721443 0.519739 -0.218
0.723447 0.477956 -0.190
0.725451 0.495892 -0.208
0.727455 0.441884 -0.212
0.729459 0.382064 -0.204
0.731463 0.355912 -0.200
0.733467 0.337275 -0.214
0.735471 0.270240 -0.194
0.737475 0.227956 -0.200
0.739479 0.202004 -0.210
0.741483 0.180561 -0.214
0.743487 0.122445 -0.192
0.745491 0.091984 -0.206
0.747495 0.047595 -0.192
0.749499 0.009719 -0.206
0.751503 -0.028557 -0.206
0.753507 -0.071543 -0.180
0.755511 -0.108016 -0.190
0.757515 -0.159319 -0.208
0.759519 -0.175150 -0.194
0.761523 -0.225852 -0.216
0.763527 -0.294890 -0.212
0.765531 -0.282665 -0.180
0.767535 -0.371743 -0.196
0.769539 -0.367335 -0.206
0.771543 -0.435170 -0.218
0.773547 -0.437976 -0.190
0.775551 -0.500802 -0.198
0.777555 -0.545591 -0.188
0.779559 -0.638477 -0.186
0.781563 -0.568136 -0.186
0.783567 -0.664629 -0.198
0.785571 -0.775451 -0.208
0.787575 -0.683868 -0.182
0.789579 -0.839078 -0.184
0.791583 -0.773447 -0.202
0.793587 -0.802004 -0.216
0.795591 -0.866232 -0.200
0.797595 -0.923347 -0.212
0.799599 -1.011824 -0.182
0.801603 -1.016333 0.210
0.803607 -0.909299 0.210
0.805611 -0.905531 0.182
0.807615 -0.915511 0.218
0.809619 -0.856072 0.196
0.811623 -0.706132 0.194
0.813627 -0.669259 0.192
0.815631 -0.673627 0.204
0.817635 -0.686132 0.184
0.819639 -0.564709 0.182
0.821643 -0.516092 0.200
0.823647 -0.574489 0.200
0.825651 -0.452886 0.218
0.827655 -0.429018 0.218
0.829659 -0.386473 0.210
0.831663 -0.355731 0.180
0.833667 -0.346253 0.210
0.835671 -0.269379 0.196
0.837675 -0.229238 0.198
0.839679 -0.198156 0.212
0.841683 -0.159679 0.210
0.843687 -0.132565 0.204
0.845691 -0.093066 0.190
0.847695 -0.049319 0.190
0.849699 -0.005892 0.188
0.851703 0.035090 0.190
0.853707 0.076373 0.214
0.855711 0.107375 0.214
0.857715 0.152766 0.200
0.859719 0.200220 0.212
0.861723 0.227435 0.210
0.863727 0.291022 0.214
0.865731 0.320922 0.180
0.867735 0.361804 0.182
0.869739 0.390842 0.180
0.871743 0.430521 0.196
0.873747 0.503447 0.194
0.875752 0.556232 0.202
0.877756 0.577315 0.200
0.879760 0.577335 0.180
0.881764 0.679739 0.182
0.883768 0.736132 0.208
0.885772 0.679659 0.196
0.887776 0.785731 0.202
0.889780 0.851283 0.190
0.891784 0.785531 0.194
0.893788 0.831964 0.212
0.895792 0.897515 0.206
0.897796 0.908116 0.212
0.899800 0.926273 0.206
0.901804 1.041042 -0.202
0.903808 1.006994 -0.212
0.905812 0.874930 -0.204
0.907816 0.818377 -0.210
0.909820 0.819679 -0.202
0.911824 0.771162 -0.218
0.913828 0.766854 -0.218
0.915832 0.669699 -0.202
0.917836 0.604689 -0.184
0.919840 0.657495 -0.218
0.921844 0.529339 -0.208
0.923848 0.559659 -0.192
0.925852 0.463647 -0.212
0.927856 0.442886 -0.218
0.929860 0.418918 -0.190
0.931864 0.355471 -0.202
0.933868 0.332325 -0.182
0.935872 0.296693 -0.210
0.937876 0.227936 -0.212
0.939880 0.206453 -0.200
0.941884 0.159078 -0.194
0.943888 0.117355 -0.200
0.945892 0.087094 -0.208
0.947896 0.039138 -0.218
0.949900 0.002164 -0.182
0.951904 -0.037695 -0.206
0.953908 -0.072685 -0.190
0.955912 -0.120601 -0.218
0.957916 -0.155150 -0.198
0.959920 -0.196413 -0.186
0.961924 -0.224168 -0.214
0.963928 -0.264629 -0.184
0.965932 -0.305892 -0.180
0.967936 -0.347956 -0.204
0.969940 -0.362906 -0.210
0.971944 -0.430100 -0.216
0.973948 -0.445431 -0.200
0.975952 -0.565752 -0.200
0.977956 -0.536754 -0.180
0.979960 -0.569238 -0.190
0.981964 -0.588136 -0.216
0.983968 -0.713327 -0.214
0.985972 -0.741022 -0.202
0.987976 -0.767114 -0.186
0.989980 -0.847575 -0.192
0.991984 -0.772505 -0.208
0.993988 -0.862164 -0.196
0.995992 -0.929038 -0.190
0.997996 -0.988717 -0.214
1.000000 -0.950000 0.188